$ANSIBLE_VAULT;1.1;AES256
63346630636333326231303464366630633632633066626338663237613063643366376234626663
6364393866653734396439333462343163383762363566660a633866343163663563623738343735
65363530383037653935323534663161666132363531316335396234303731313036303830363061
3635623737356330300a316462616135653664356436666361316531333030646461366433303430
34393339383464656135323637363061393630646163353530313739386132356137613339636534
31626137386237376461643830323164643965343762656535306331663732663061356535303364
64633530613466666166393338393362643564613334323764323735643038666432353761653933
66353339396463376433376430633463616564313536613235653632656365333035383363393263
62343966306231356564366263346161623338383865363435623932306266303462656562306330
64313033303833326433623263396132346661363037666634326537666531336633653031316136
38396231303936623234653839363035333561383933373766323663333966663732343864333232
66666232346630626338623331336639396366303338313263373161396133613131393065643565
32346561303936633531336362663566386637373435343166396133666162386666316335383634
37613634656366613463626136366265646132613531396533646561653130323535626265396236
63316364343163396333666231646430386336373434633735383233333930366632346537303631
36363431386465663439343437383730666330383034396333666136306332646562626266643336
32366538633862656565353564386532323033643733376634633730326535666232326464366334
31623463393532396562666138366635323634653364666334613233393831373666646133326566
66633462306234313437323261383634316431363931623062666433343866373230376438353736
38386664373664393164336135356436393637616530363931636564303532366634653061643165
34613133343565303665653265366366303334613463376538343166613633336665383562633764
31633336313161306635336164353639376232373137393035383939656136623033376362626464
31356530633638376165393365643930353161663038623233306334316161366535643633303062
37643331386336656664636162633931373735313665623531383438346539353836393866306132
38643063623037383831653561653062313839383135333831633566353363313361613134323861
36356663613165613135643430633136643533373031303736623335376161356530326436333266
32643535323733356538626638623335383732613732303439313436363435316537346336313066
39386434626364633765313830643435343733316366306466653939653932626539616438633930
32363537393833313733326535646535393538353763363238623837326532663739386238303132
35626364346238343834306430363230313535303434303635343233313163366232313633393063
33633433616364376236613933313936393033336163663634323538663736613230626433396262
65313037633139663334336362653831626561383166656563333330393639623336383832383638
62666465366234663134356664376133396561306264613862343632326465646135326537646164
62366132393232333664316366313364613761643461616137303333636462616561363436633261
32343734653562323730633534663465396134393461343037376165626537353338333031313666
63636662623034323262313335616330333730643839653633353662383461333838323062623463
66386439356437633263643330663764623332326163633266373564396435336131353663626534
35313433633038653964313536313538303863386666613232366565303835353339613738393364
32363537326637306433323764646336346464626332363033663838663333396538386662376662
31326538613739356631643239363132386234623433626164653533313266346437373135313637
64333631333064326266666265316431663064383834626563666234653064646665363366653065
36656330396638613532653734323536656362393861313832633936396664666531313162663639
34666231663264356131333564653336653937646262636533613065323964393261313065326366
61623566653865393930313538333933656162643764666637366562363234353138343361356637
35323430393138326261303533636136653165366435623936373462313434636637653866623962
38323263383665613161356166333031376264643762326638643366373831393766613631666137
33646166656239623537326466633563343165646139353462623532666139383837383364626464
62336363326439646663356461663064326536386437623435633636663365643861393261353961
3336
